sampletime=0.000006

